Петров Николай Валентинович 1999 2 2051 4 4 5 5 5
Качанина Марина Игоревна 1998 2 2051 3 5 3 5 4
Романов Евгений Семенович 1998 2 2051 5 5 4 5 3
Смирнов Николай Алексеевич 1999 2 2051 4 3 3 5 4
Семёнова Инна Александровна 2000 2 2051 4 4 5 5 4
Добринский Павел Кузьмич 1999 2 2051 3 4 4 5 3
Галустян Михаил Чичикович 1996 3 3052 3 3 3 5 4
Джанашия Заза Георгиевич 1997 3 3052 3 3 3 5 4
Нурмагомедов Хабиб Нуралиевич 1997 3 3052 3 3 4 5 3
Исмаилов Магомед Маликович 1995 3 3052 4 3 3 5 4
Мовсесьян Арсен Михайлович 1997 3 3052 3 3 3 5 3
Мусагалиев Азамат Равилевич 1997 3 3052 4 3 3 5 5
Сорин Михаил Владиславович 1999 1 1053 5 5 5 5 5
Сорин Владислав Николаевич 1999 1 1053 5 3 3 4 5
Чистяков Никита Александрович 1999 1 1053 3 5 3 5 3
Мартынова Алла Михайловна 1999 1 1053 4 4 4 5 4
Миронова Наталья Тимофеевна 2001 1 1053 5 5 4 4 5
Радченко Валерий Романович 2000 1 1053 4 3 5 5 4